dhawal(1):[(0, 342), (1, 471), (2, 453), (5, 516), (6, 538), (7, 533), (8, 440), (15, 360), (17, 453)] 9
          [(0, 174), (1, 362), (2, 362), (5, 362), (6, 682), (7, 967), (8, 863), (15, 139), (17, 160)] 9 
          
dhawal(2):[(0, 418), (1, 587), (2, 516), (5, 636), (6, 591), (7, 369), (8, 422), (15, 449), (17, 569)] 9
          [(0, 243), (1, 487), (2, 494), (5, 487), (6, 911), (7, 717), (8, 1106), (15, 202), (17, 230)] 9


jiten(1):[(0, 418), (1, 524), (2, 502), (5, 551), (6, 538), (7, 467), (11, 524), (15, 436), (17, 529)] 9
         [(0, 327), (1, 473), (2, 480), (5, 487), (6, 737), (7, 960), (11, 1037), (15, 299), (17, 306)] 9

jiten(2):[(0, 440), (1, 560), (2, 533), (5, 578), (6, 493), (7, 396), (8, 560), (11, 507), (15, 458), (17, 542)] 10
	 [(0, 403), (1, 536), (2, 529), (5, 550), (6, 779), (7, 682), (8, 974), (11, 967), (15, 376), (17, 383)] 10



khurana(1):[(0, 453), (1, 587), (2, 631), (5, 582), (6, 582), (7, 489), (11, 609), (15, 480), (17, 564)] 9
           [(0, 341), (1, 515), (2, 494), (5, 522), (6, 828), (7, 1057), (11, 939), (15, 313), (17, 334)] 9

khurana(2):[(0, 396), (1, 564), (2, 533), (5, 613), (6, 573), (7, 262), (15, 449), (17, 573)] 8
           [(0, 264), (1, 543), (2, 522), (5, 570), (6, 1037), (7, 849), (15, 223), (17, 264)] 8

mehul(1):[(0, 360), (1, 493), (2, 462), (5, 547), (6, 564), (7, 382), (8, 369), (15, 396), (17, 489)] 9
         [(0, 292), (1, 536), (2, 515), (5, 550), (6, 877), (7, 1155), (8, 1043), (15, 250), (17, 285)] 9

mehul(2):[(0, 364), (1, 507), (2, 449), (5, 551), (6, 516), (7, 347), (8, 418), (15, 387), (17, 484)] 9
         [(0, 348), (1, 536), (2, 515), (5, 543), (6, 904), (7, 737), (8, 1085), (15, 306), (17, 320)] 9


pks(1):[(0, 413), (1, 538), (2, 582), (3, 560), (5, 511), (6, 493), (11, 493), (14, 413), (15, 436), (17, 502)] 10
       [(0, 202), (1, 390), (2, 383), (3, 689), (5, 403), (6, 689), (11, 800), (14, 181), (15, 181), (17, 223)] 10

pks(2):[(0, 400), (1, 502), (2, 462), (5, 538), (6, 507), (7, 333), (8, 444), (11, 533), (15, 422), (17, 480)] 10
       [(0, 202), (1, 397), (2, 376), (5, 410), (6, 668), (7, 508), (8, 883), (11, 877), (15, 181), (17, 237)] 10

shreyansh(1):[(0, 409), (1, 538), (2, 529), (5, 565), (6, 578), (7, 423), (8, 574), (11, 507), (15, 436), (17, 529)] 10
             [(0, 376), (1, 598), (2, 577), (5, 619), (6, 883), (7, 821), (8, 1064), (11, 1043), (15, 348), (17, 369)] 10

shreyansh(2):[(0, 309), (1, 403), (2, 399), (5, 418), (6, 415), (7, 350), (8, 460), (9, 339), (11, 384), (12, 343), (15, 332), (17, 407)] 12
             [(0, 348), (1, 557), (2, 536), (5, 577), (6, 807), (7, 1009), (8, 939), (9, 1120), (11, 974), (12, 1120), (15, 327), (17, 355)] 12



adi(1):[(0, 267), (1, 340), (2, 310), (5, 362), (6, 337), (7, 227), (8, 262), (11, 297), (12, 300), (14, 265), (15, 281), (17, 335)] 12
       [(0, 397), (1, 515), (2, 494), (5, 529), (6, 682), (7, 772), (8, 751), (11, 800), (12, 967), (14, 376), (15, 376), (17, 397)] 12

adi(2):[(0, 259), (1, 327), (2, 302), (5, 345), (6, 313), (7, 251), (8, 251), (11, 286), (12, 289), (14, 259), (15, 273), (17, 327)] 12
       [(0, 403), (1, 508), (2, 487), (5, 522), (6, 661), (7, 584), (8, 744), (11, 772), (12, 988), (14, 383), (15, 383), (17, 403)] 12
